01513.mp4,-1,-1,49.96666666666667
01196.mp4,-1,-1,71.33333333333333
01684.mp4,-1,-1,67.4
00883.mp4,-1,-1,75.5
01519.mp4,-1,-1,90.03333333333333
00014.mp4,-1,-1,45.266666666666666
00415.mp4,-1,-1,64.03333333333333
00374.mp4,-1,-1,39.7
01382.mp4,-1,-1,64.3
01442.mp4,-1,-1,70.56666666666666
00356.mp4,-1,-1,83.36666666666666
00187.mp4,-1,-1,65.06666666666666
00791.mp4,-1,-1,88.73333333333333
01710.mp4,-1,-1,64.43333333333334
00053.mp4,-1,-1,88.96666666666667
00011.mp4,-1,-1,79.6
00193.mp4,-1,-1,76.0
00823.mp4,-1,-1,87.1
00913.mp4,-1,-1,86.9
00111.mp4,-1,-1,71.93333333333334
01621.mp4,-1,-1,57.06666666666667
01381.mp4,-1,-1,70.93333333333334
00109.mp4,-1,-1,72.23333333333333
01147.mp4,-1,-1,43.166666666666664
00009.mp4,-1,-1,48.03333333333333
01568.mp4,-1,-1,75.06666666666666
00423.mp4,-1,-1,70.8
00688.mp4,-1,-1,65.93333333333334
00491.mp4,-1,-1,65.3
00051.mp4,-1,-1,75.23333333333333
00336.mp4,-1,-1,93.5
01451.mp4,-1,-1,61.8
01068.mp4,-1,-1,74.73333333333333
01669.mp4,-1,-1,48.96666666666667
00807.mp4,-1,-1,40.9
01769.mp4,-1,-1,72.16666666666667
00120.mp4,-1,-1,93.8
00323.mp4,-1,-1,58.733333333333334
01208.mp4,-1,-1,20.0
01064.mp4,-1,-1,81.93333333333334
00292.mp4,-1,-1,81.83333333333333
01073.mp4,-1,-1,56.166666666666664
01070.mp4,-1,-1,71.1
00062.mp4,-1,-1,50.06666666666667
01653.mp4,-1,-1,52.43333333333333
01065.mp4,-1,-1,45.733333333333334
00219.mp4,-1,-1,53.86666666666667
01394.mp4,-1,-1,47.233333333333334
01897.mp4,-1,-1,77.86666666666666
00175.mp4,-1,-1,78.4
00758.mp4,-1,-1,94.86666666666666
00860.mp4,-1,-1,61.4
00687.mp4,-1,-1,50.96666666666667
00742.mp4,-1,-1,54.1
01164.mp4,-1,-1,21.5
00613.mp4,-1,-1,75.83333333333333
01324.mp4,-1,-1,66.23333333333333
00987.mp4,-1,-1,86.53333333333333
00022.mp4,-1,-1,73.93333333333334
01584.mp4,-1,-1,77.93333333333334
00611.mp4,-1,-1,83.96666666666667
01354.mp4,-1,-1,93.43333333333334
00036.mp4,-1,-1,82.5
01735.mp4,-1,-1,68.43333333333334
00488.mp4,-1,-1,77.16666666666667
01119.mp4,-1,-1,60.9
01816.mp4,-1,-1,40.766666666666666
01814.mp4,-1,-1,65.5
00716.mp4,-1,-1,19.333333333333332
01874.mp4,-1,-1,60.93333333333333
01054.mp4,-1,-1,51.53333333333333
01588.mp4,-1,-1,41.2
01050.mp4,-1,-1,56.06666666666667
01137.mp4,-1,-1,82.06666666666666
01266.mp4,-1,-1,67.5
00052.mp4,-1,-1,79.36666666666666
00994.mp4,-1,-1,82.43333333333334
01462.mp4,-1,-1,76.8
01840.mp4,-1,-1,73.43333333333334
01750.mp4,-1,-1,48.266666666666666
01631.mp4,-1,-1,67.33333333333333
00319.mp4,-1,-1,81.03333333333333
01707.mp4,-1,-1,84.93333333333334
00146.mp4,-1,-1,58.46666666666667
00665.mp4,-1,-1,44.63333333333333
01151.mp4,-1,-1,64.96666666666667
00447.mp4,-1,-1,94.26666666666667
00402.mp4,-1,-1,65.36666666666666
01848.mp4,-1,-1,61.56666666666667
01806.mp4,-1,-1,53.0
01706.mp4,-1,-1,70.36666666666666
01651.mp4,-1,-1,39.0
00885.mp4,-1,-1,73.5
01341.mp4,-1,-1,73.0
01083.mp4,-1,-1,30.733333333333334
00015.mp4,-1,-1,79.16666666666667
00232.mp4,-1,-1,76.66666666666667
01644.mp4,-1,-1,63.4
01299.mp4,-1,-1,69.43333333333334
00012.mp4,-1,-1,74.03333333333333
01098.mp4,-1,-1,63.93333333333333
00925.mp4,-1,-1,90.63333333333334
00617.mp4,-1,-1,55.4
00577.mp4,-1,-1,59.7
01127.mp4,-1,-1,67.7
00931.mp4,-1,-1,57.6
01675.mp4,-1,-1,26.033333333333335
00143.mp4,-1,-1,58.166666666666664
00983.mp4,-1,-1,74.26666666666667
00472.mp4,-1,-1,41.06666666666667
00734.mp4,-1,-1,66.8
01094.mp4,-1,-1,91.26666666666667
00916.mp4,-1,-1,70.1
00238.mp4,-1,-1,67.63333333333334
00414.mp4,-1,-1,75.6
01224.mp4,-1,-1,79.13333333333334
00333.mp4,-1,-1,83.43333333333334
00554.mp4,-1,-1,75.3
00460.mp4,-1,-1,73.23333333333333
00397.mp4,-1,-1,71.13333333333334
01839.mp4,-1,-1,90.86666666666666
01950.mp4,-1,-1,84.16666666666667
00921.mp4,-1,-1,45.3
01729.mp4,-1,-1,49.166666666666664
01398.mp4,-1,-1,63.53333333333333
01298.mp4,-1,-1,38.7
01024.mp4,-1,-1,34.13333333333333
01265.mp4,-1,-1,83.6
01388.mp4,-1,-1,85.53333333333333
01452.mp4,-1,-1,67.9
01112.mp4,-1,-1,65.7
01770.mp4,-1,-1,44.233333333333334
01189.mp4,-1,-1,27.8
00714.mp4,-1,-1,67.03333333333333
00467.mp4,-1,-1,81.2
01759.mp4,-1,-1,64.06666666666666
00771.mp4,-1,-1,44.5
01920.mp4,-1,-1,57.766666666666666
00806.mp4,-1,-1,87.26666666666667
00647.mp4,-1,-1,70.86666666666666
01476.mp4,-1,-1,83.06666666666666
00352.mp4,-1,-1,77.73333333333333
01708.mp4,-1,-1,64.36666666666666
01804.mp4,-1,-1,83.9
00698.mp4,-1,-1,47.6
00133.mp4,-1,-1,57.8
01561.mp4,-1,-1,52.233333333333334
01346.mp4,-1,-1,38.86666666666667
00117.mp4,-1,-1,74.56666666666666
01796.mp4,-1,-1,52.9
01107.mp4,-1,-1,78.83333333333333
00619.mp4,-1,-1,53.06666666666667
01524.mp4,-1,-1,80.6
00301.mp4,-1,-1,82.4
01518.mp4,-1,-1,48.86666666666667
01510.mp4,-1,-1,58.9
00458.mp4,-1,-1,54.766666666666666
01832.mp4,-1,-1,86.46666666666667
00360.mp4,-1,-1,81.16666666666667
01592.mp4,-1,-1,93.43333333333334
01912.mp4,-1,-1,57.9
00510.mp4,-1,-1,62.13333333333333
01747.mp4,-1,-1,85.96666666666667
01352.mp4,-1,-1,67.73333333333333
01403.mp4,-1,-1,48.8
00867.mp4,-1,-1,48.43333333333333
00228.mp4,-1,-1,89.66666666666667
01092.mp4,-1,-1,83.86666666666666
00393.mp4,-1,-1,63.43333333333333
01900.mp4,-1,-1,79.26666666666667
01155.mp4,-1,-1,87.83333333333333
00027.mp4,-1,-1,61.0
01704.mp4,-1,-1,78.43333333333334
00369.mp4,-1,-1,73.33333333333333
00371.mp4,-1,-1,74.26666666666667
00408.mp4,-1,-1,54.43333333333333
01878.mp4,-1,-1,39.06666666666667
00209.mp4,-1,-1,64.9
00951.mp4,-1,-1,84.9
01525.mp4,-1,-1,82.7
01492.mp4,-1,-1,70.03333333333333
00677.mp4,-1,-1,67.46666666666667
01017.mp4,-1,-1,88.8
01726.mp4,-1,-1,35.96666666666667
00634.mp4,-1,-1,86.63333333333334
00829.mp4,-1,-1,90.93333333333334
01344.mp4,-1,-1,31.8
01202.mp4,-1,-1,86.06666666666666
01120.mp4,-1,-1,74.0
01353.mp4,-1,-1,51.833333333333336
01623.mp4,-1,-1,88.36666666666666
01383.mp4,-1,-1,77.3
01910.mp4,-1,-1,28.533333333333335
01847.mp4,-1,-1,84.26666666666667
00286.mp4,-1,-1,70.13333333333334
00158.mp4,-1,-1,77.76666666666667
00524.mp4,-1,-1,56.166666666666664
00222.mp4,-1,-1,75.4
01752.mp4,-1,-1,92.8
00194.mp4,-1,-1,37.4
01032.mp4,-1,-1,63.5
01475.mp4,-1,-1,88.8
00941.mp4,-1,-1,62.56666666666667
00093.mp4,-1,-1,69.53333333333333
00113.mp4,-1,-1,36.03333333333333
01315.mp4,-1,-1,72.46666666666667
00060.mp4,-1,-1,60.36666666666667
00722.mp4,-1,-1,72.7
00455.mp4,-1,-1,66.86666666666666
01239.mp4,-1,-1,69.66666666666667
00385.mp4,-1,-1,79.46666666666667
01071.mp4,-1,-1,35.06666666666667
00509.mp4,-1,-1,76.6
01049.mp4,-1,-1,94.0
01517.mp4,-1,-1,46.5
01261.mp4,-1,-1,80.83333333333333
01006.mp4,-1,-1,80.5
00821.mp4,-1,-1,42.0
00814.mp4,-1,-1,73.5
01537.mp4,-1,-1,79.16666666666667
00880.mp4,-1,-1,54.06666666666667
01085.mp4,-1,-1,56.5
00044.mp4,-1,-1,92.1
00542.mp4,-1,-1,88.8
01802.mp4,-1,-1,79.7
01602.mp4,-1,-1,50.03333333333333
00088.mp4,-1,-1,38.36666666666667
00362.mp4,-1,-1,54.766666666666666
00949.mp4,-1,-1,81.86666666666666
00726.mp4,-1,-1,64.56666666666666
01609.mp4,-1,-1,93.0
00487.mp4,-1,-1,74.3
01410.mp4,-1,-1,78.73333333333333
00997.mp4,-1,-1,53.96666666666667
00201.mp4,-1,-1,70.66666666666667
00451.mp4,-1,-1,93.13333333333334
00045.mp4,-1,-1,84.43333333333334
00890.mp4,-1,-1,89.56666666666666
01246.mp4,-1,-1,41.8
01159.mp4,-1,-1,57.56666666666667
01506.mp4,-1,-1,48.833333333333336
01154.mp4,-1,-1,87.86666666666666
00021.mp4,-1,-1,51.93333333333333
01484.mp4,-1,-1,54.96666666666667
00450.mp4,-1,-1,54.766666666666666
00558.mp4,-1,-1,26.033333333333335
01111.mp4,-1,-1,89.73333333333333
01820.mp4,-1,-1,80.73333333333333
00888.mp4,-1,-1,39.1
00368.mp4,-1,-1,76.5
00670.mp4,-1,-1,41.833333333333336
01499.mp4,-1,-1,72.4
01490.mp4,-1,-1,69.86666666666666
01418.mp4,-1,-1,59.06666666666667
00755.mp4,-1,-1,82.96666666666667
01934.mp4,-1,-1,71.8
01642.mp4,-1,-1,70.66666666666667
01000.mp4,-1,-1,57.3
00620.mp4,-1,-1,76.2
00975.mp4,-1,-1,44.96666666666667
01898.mp4,-1,-1,40.166666666666664
01393.mp4,-1,-1,81.16666666666667
00816.mp4,-1,-1,78.5
01218.mp4,-1,-1,73.46666666666667
01375.mp4,-1,-1,58.7
00112.mp4,-1,-1,76.76666666666667
01446.mp4,-1,-1,60.5
00306.mp4,-1,-1,79.46666666666667
01590.mp4,-1,-1,47.8
01821.mp4,-1,-1,71.56666666666666
01076.mp4,-1,-1,63.3
00481.mp4,-1,-1,63.833333333333336
01700.mp4,-1,-1,78.9
00343.mp4,-1,-1,59.53333333333333
01167.mp4,-1,-1,59.4
00030.mp4,-1,-1,71.3
01661.mp4,-1,-1,80.86666666666666
01935.mp4,-1,-1,45.7
00406.mp4,-1,-1,63.43333333333333
00562.mp4,-1,-1,84.03333333333333
01194.mp4,-1,-1,89.66666666666667
00552.mp4,-1,-1,86.1
01428.mp4,-1,-1,66.83333333333333
01532.mp4,-1,-1,84.46666666666667
01888.mp4,-1,-1,73.06666666666666
01819.mp4,-1,-1,76.46666666666667
01005.mp4,-1,-1,76.93333333333334
01126.mp4,-1,-1,60.13333333333333
01177.mp4,-1,-1,76.93333333333334
01340.mp4,-1,-1,45.833333333333336
01020.mp4,-1,-1,70.3
00332.mp4,-1,-1,91.46666666666667
01363.mp4,-1,-1,75.5
01800.mp4,-1,-1,85.6
01303.mp4,-1,-1,72.66666666666667
00429.mp4,-1,-1,37.2
00772.mp4,-1,-1,52.46666666666667
00476.mp4,-1,-1,66.03333333333333
01173.mp4,-1,-1,89.5
01836.mp4,-1,-1,74.56666666666666
00864.mp4,-1,-1,21.633333333333333
01146.mp4,-1,-1,68.76666666666667
01656.mp4,-1,-1,40.06666666666667
00903.mp4,-1,-1,67.93333333333334
00469.mp4,-1,-1,79.96666666666667
00186.mp4,-1,-1,72.2
01153.mp4,-1,-1,90.93333333333334
00165.mp4,-1,-1,38.1
01284.mp4,-1,-1,81.86666666666666
00261.mp4,-1,-1,59.93333333333333
01458.mp4,-1,-1,64.83333333333333
00199.mp4,-1,-1,84.66666666666667
00845.mp4,-1,-1,74.8
00061.mp4,-1,-1,91.96666666666667
01217.mp4,-1,-1,63.96666666666667
01328.mp4,-1,-1,45.833333333333336
01941.mp4,-1,-1,85.13333333333334
01252.mp4,-1,-1,92.93333333333334
00889.mp4,-1,-1,85.46666666666667
00990.mp4,-1,-1,89.2
01222.mp4,-1,-1,81.26666666666667
01896.mp4,-1,-1,84.76666666666667
01060.mp4,-1,-1,90.43333333333334
00176.mp4,-1,-1,84.6
00433.mp4,-1,-1,78.03333333333333
00557.mp4,-1,-1,95.43333333333334
00216.mp4,-1,-1,54.2
00310.mp4,-1,-1,67.9
00400.mp4,-1,-1,79.86666666666666
00897.mp4,-1,-1,69.06666666666666
00775.mp4,-1,-1,75.06666666666666
01834.mp4,-1,-1,65.16666666666667
00834.mp4,-1,-1,70.03333333333333
01868.mp4,-1,-1,65.46666666666667
00003.mp4,-1,-1,71.03333333333333
00367.mp4,-1,-1,68.93333333333334
00813.mp4,-1,-1,77.66666666666667
01122.mp4,-1,-1,46.2
01323.mp4,-1,-1,75.83333333333333
00225.mp4,-1,-1,67.53333333333333
01727.mp4,-1,-1,63.93333333333333
00183.mp4,-1,-1,58.266666666666666
01887.mp4,-1,-1,71.2
00346.mp4,-1,-1,44.833333333333336
01599.mp4,-1,-1,72.5
01779.mp4,-1,-1,65.96666666666667
00580.mp4,-1,-1,73.93333333333334
00657.mp4,-1,-1,70.66666666666667
00350.mp4,-1,-1,54.233333333333334
00270.mp4,-1,-1,39.06666666666667
01254.mp4,-1,-1,71.76666666666667
00489.mp4,-1,-1,79.36666666666666
00719.mp4,-1,-1,81.9
01416.mp4,-1,-1,90.5
01325.mp4,-1,-1,67.3
00940.mp4,-1,-1,53.5
01539.mp4,-1,-1,61.2
00660.mp4,-1,-1,77.7
00173.mp4,-1,-1,63.43333333333333
00010.mp4,-1,-1,87.53333333333333
01371.mp4,-1,-1,58.63333333333333
01636.mp4,-1,-1,89.4
00340.mp4,-1,-1,79.43333333333334
00075.mp4,-1,-1,79.63333333333334
01043.mp4,-1,-1,77.93333333333334
00359.mp4,-1,-1,55.96666666666667
01294.mp4,-1,-1,30.233333333333334
00574.mp4,-1,-1,83.6
00090.mp4,-1,-1,22.866666666666667
01140.mp4,-1,-1,93.9
00846.mp4,-1,-1,69.73333333333333
01677.mp4,-1,-1,56.233333333333334
01580.mp4,-1,-1,79.26666666666667
01039.mp4,-1,-1,69.73333333333333
00354.mp4,-1,-1,58.2
01048.mp4,-1,-1,70.63333333333334
00265.mp4,-1,-1,76.8
00602.mp4,-1,-1,84.1
01703.mp4,-1,-1,81.56666666666666
00904.mp4,-1,-1,76.1
00177.mp4,-1,-1,87.03333333333333
01713.mp4,-1,-1,68.3
01079.mp4,-1,-1,82.16666666666667
00246.mp4,-1,-1,71.9
00180.mp4,-1,-1,56.86666666666667
00631.mp4,-1,-1,67.63333333333334
01850.mp4,-1,-1,78.36666666666666
00086.mp4,-1,-1,65.76666666666667
00291.mp4,-1,-1,86.7
00233.mp4,-1,-1,49.733333333333334
01534.mp4,-1,-1,61.5
01193.mp4,-1,-1,72.63333333333334
00132.mp4,-1,-1,73.03333333333333
00200.mp4,-1,-1,50.766666666666666
00223.mp4,-1,-1,42.766666666666666
01198.mp4,-1,-1,87.6
01841.mp4,-1,-1,88.6
00373.mp4,-1,-1,75.7
00426.mp4,-1,-1,87.3
00196.mp4,-1,-1,82.9
01679.mp4,-1,-1,86.9
01829.mp4,-1,-1,80.36666666666666
01637.mp4,-1,-1,76.63333333333334
00699.mp4,-1,-1,56.6
01199.mp4,-1,-1,83.06666666666666
00518.mp4,-1,-1,82.26666666666667
01587.mp4,-1,-1,53.266666666666666
00959.mp4,-1,-1,43.7
01053.mp4,-1,-1,49.833333333333336
01358.mp4,-1,-1,75.93333333333334
01307.mp4,-1,-1,84.83333333333333
00118.mp4,-1,-1,63.6
00854.mp4,-1,-1,64.33333333333333
00808.mp4,-1,-1,73.33333333333333
00819.mp4,-1,-1,54.2
00703.mp4,-1,-1,84.2
00680.mp4,-1,-1,80.03333333333333
00235.mp4,-1,-1,83.13333333333334
01075.mp4,-1,-1,88.06666666666666
01594.mp4,-1,-1,78.23333333333333
00697.mp4,-1,-1,87.06666666666666
00848.mp4,-1,-1,76.9
00592.mp4,-1,-1,84.2
01433.mp4,-1,-1,64.53333333333333
00217.mp4,-1,-1,46.333333333333336
01181.mp4,-1,-1,88.23333333333333
00614.mp4,-1,-1,52.43333333333333
00689.mp4,-1,-1,91.56666666666666
00182.mp4,-1,-1,48.4
00732.mp4,-1,-1,64.43333333333334
01721.mp4,-1,-1,85.03333333333333
00304.mp4,-1,-1,71.26666666666667
00638.mp4,-1,-1,42.86666666666667
00436.mp4,-1,-1,84.4
01744.mp4,-1,-1,48.7
01003.mp4,-1,-1,85.73333333333333
00776.mp4,-1,-1,40.93333333333333
00861.mp4,-1,-1,68.2
01650.mp4,-1,-1,61.36666666666667
00278.mp4,-1,-1,67.03333333333333
00965.mp4,-1,-1,84.23333333333333
01751.mp4,-1,-1,78.7
01883.mp4,-1,-1,42.1
00058.mp4,-1,-1,77.8
00160.mp4,-1,-1,35.36666666666667
01225.mp4,-1,-1,18.366666666666667
00227.mp4,-1,-1,48.13333333333333
00439.mp4,-1,-1,40.233333333333334
00098.mp4,-1,-1,67.16666666666667
00379.mp4,-1,-1,81.33333333333333
01066.mp4,-1,-1,80.5
00254.mp4,-1,-1,36.333333333333336
01009.mp4,-1,-1,77.1
00159.mp4,-1,-1,70.43333333333334
01260.mp4,-1,-1,71.6
00067.mp4,-1,-1,61.4
00156.mp4,-1,-1,58.7
01582.mp4,-1,-1,70.76666666666667
01283.mp4,-1,-1,79.6
01571.mp4,-1,-1,72.9
01148.mp4,-1,-1,86.7
00213.mp4,-1,-1,80.1
00017.mp4,-1,-1,65.33333333333333
01755.mp4,-1,-1,70.03333333333333
00936.mp4,-1,-1,79.93333333333334
00375.mp4,-1,-1,39.53333333333333
00031.mp4,-1,-1,52.03333333333333
00523.mp4,-1,-1,79.96666666666667
01719.mp4,-1,-1,75.93333333333334
00906.mp4,-1,-1,36.233333333333334
01429.mp4,-1,-1,66.33333333333333
01264.mp4,-1,-1,91.53333333333333
00125.mp4,-1,-1,80.26666666666667
00887.mp4,-1,-1,51.6
01640.mp4,-1,-1,61.1
00242.mp4,-1,-1,39.166666666666664
00085.mp4,-1,-1,45.666666666666664
01937.mp4,-1,-1,40.56666666666667
01276.mp4,-1,-1,68.46666666666667
00792.mp4,-1,-1,68.26666666666667
00054.mp4,-1,-1,62.4
00274.mp4,-1,-1,27.2
00837.mp4,-1,-1,79.33333333333333
00761.mp4,-1,-1,81.8
00849.mp4,-1,-1,70.16666666666667
01466.mp4,-1,-1,85.53333333333333
00205.mp4,-1,-1,38.3
01545.mp4,-1,-1,54.266666666666666
00962.mp4,-1,-1,81.63333333333334
01432.mp4,-1,-1,27.733333333333334
00563.mp4,-1,-1,69.2
00339.mp4,-1,-1,82.13333333333334
00674.mp4,-1,-1,62.2
01815.mp4,-1,-1,63.06666666666667
01765.mp4,-1,-1,79.2
00145.mp4,-1,-1,40.03333333333333
00056.mp4,-1,-1,80.16666666666667
01326.mp4,-1,-1,93.13333333333334
01374.mp4,-1,-1,79.53333333333333
01226.mp4,-1,-1,72.53333333333333
01321.mp4,-1,-1,42.4
00446.mp4,-1,-1,73.53333333333333
00818.mp4,-1,-1,40.3
00995.mp4,-1,-1,61.733333333333334
00396.mp4,-1,-1,25.7
00401.mp4,-1,-1,59.0
01855.mp4,-1,-1,82.83333333333333
00513.mp4,-1,-1,48.833333333333336
01480.mp4,-1,-1,61.56666666666667
01115.mp4,-1,-1,80.26666666666667
01312.mp4,-1,-1,49.1
00435.mp4,-1,-1,62.766666666666666
00798.mp4,-1,-1,35.766666666666666
00167.mp4,-1,-1,83.56666666666666
00096.mp4,-1,-1,84.66666666666667
01919.mp4,-1,-1,70.03333333333333
01407.mp4,-1,-1,79.26666666666667
01611.mp4,-1,-1,67.06666666666666
00833.mp4,-1,-1,63.9
01795.mp4,-1,-1,46.43333333333333
01692.mp4,-1,-1,48.766666666666666
00766.mp4,-1,-1,87.73333333333333
00151.mp4,-1,-1,33.03333333333333
01169.mp4,-1,-1,102.43333333333334
01327.mp4,-1,-1,76.4
00493.mp4,-1,-1,78.1
00189.mp4,-1,-1,53.46666666666667
00290.mp4,-1,-1,90.06666666666666
01319.mp4,-1,-1,68.03333333333333
00420.mp4,-1,-1,33.4
00432.mp4,-1,-1,77.13333333333334
01308.mp4,-1,-1,46.93333333333333
00858.mp4,-1,-1,69.63333333333334
01625.mp4,-1,-1,77.66666666666667
00324.mp4,-1,-1,55.233333333333334
01105.mp4,-1,-1,43.56666666666667
01793.mp4,-1,-1,57.06666666666667
00042.mp4,-1,-1,62.5
01906.mp4,-1,-1,66.06666666666666
01292.mp4,-1,-1,76.46666666666667
00080.mp4,-1,-1,77.13333333333334
01798.mp4,-1,-1,79.1
00139.mp4,-1,-1,84.23333333333333
00875.mp4,-1,-1,66.63333333333334
00309.mp4,-1,-1,61.266666666666666
00394.mp4,-1,-1,73.36666666666666
01206.mp4,-1,-1,42.5
00789.mp4,-1,-1,72.33333333333333
00068.mp4,-1,-1,83.7
01459.mp4,-1,-1,48.233333333333334
00236.mp4,-1,-1,86.7
01012.mp4,-1,-1,82.93333333333334
00917.mp4,-1,-1,74.9
00924.mp4,-1,-1,90.9
01295.mp4,-1,-1,41.03333333333333
00764.mp4,-1,-1,36.56666666666667
01268.mp4,-1,-1,80.53333333333333
01871.mp4,-1,-1,42.233333333333334
01697.mp4,-1,-1,90.06666666666666
01031.mp4,-1,-1,71.93333333333334
00753.mp4,-1,-1,50.86666666666667
01624.mp4,-1,-1,51.766666666666666
01445.mp4,-1,-1,92.4
00018.mp4,-1,-1,55.43333333333333
00171.mp4,-1,-1,81.83333333333333
00459.mp4,-1,-1,73.96666666666667
00355.mp4,-1,-1,89.9
01207.mp4,-1,-1,66.06666666666666
01269.mp4,-1,-1,80.26666666666667
01881.mp4,-1,-1,67.5
00320.mp4,-1,-1,53.46666666666667
00668.mp4,-1,-1,81.3
01367.mp4,-1,-1,74.0
00152.mp4,-1,-1,74.23333333333333
00395.mp4,-1,-1,76.83333333333333
00410.mp4,-1,-1,56.46666666666667
00325.mp4,-1,-1,73.36666666666666
00092.mp4,-1,-1,76.06666666666666
00952.mp4,-1,-1,46.03333333333333
00970.mp4,-1,-1,48.766666666666666
00991.mp4,-1,-1,73.03333333333333
00271.mp4,-1,-1,64.1
01042.mp4,-1,-1,74.56666666666666
01455.mp4,-1,-1,77.23333333333333
01178.mp4,-1,-1,84.0
01255.mp4,-1,-1,77.4
00295.mp4,-1,-1,78.4
01737.mp4,-1,-1,87.7
01274.mp4,-1,-1,78.66666666666667
00002.mp4,-1,-1,66.0
00237.mp4,-1,-1,93.23333333333333
00521.mp4,-1,-1,75.96666666666667
01125.mp4,-1,-1,94.06666666666666
01885.mp4,-1,-1,44.2
00902.mp4,-1,-1,67.96666666666667
01486.mp4,-1,-1,76.16666666666667
01114.mp4,-1,-1,69.9
00505.mp4,-1,-1,71.33333333333333
01503.mp4,-1,-1,68.2
00404.mp4,-1,-1,49.53333333333333
01463.mp4,-1,-1,74.9
01786.mp4,-1,-1,53.46666666666667
00835.mp4,-1,-1,60.166666666666664
01843.mp4,-1,-1,79.56666666666666
00896.mp4,-1,-1,56.86666666666667
01195.mp4,-1,-1,37.8
01890.mp4,-1,-1,41.46666666666667
00728.mp4,-1,-1,77.86666666666666
01643.mp4,-1,-1,92.16666666666667
00865.mp4,-1,-1,70.06666666666666
00256.mp4,-1,-1,80.06666666666666
01778.mp4,-1,-1,63.266666666666666
00296.mp4,-1,-1,89.83333333333333
00551.mp4,-1,-1,87.5
00174.mp4,-1,-1,74.43333333333334
00144.mp4,-1,-1,40.833333333333336
00676.mp4,-1,-1,26.466666666666665
01219.mp4,-1,-1,91.93333333333334
00702.mp4,-1,-1,78.96666666666667
00756.mp4,-1,-1,95.4
01614.mp4,-1,-1,61.733333333333334
00188.mp4,-1,-1,77.53333333333333
00419.mp4,-1,-1,50.4
00642.mp4,-1,-1,51.766666666666666
01163.mp4,-1,-1,68.8
01791.mp4,-1,-1,68.86666666666666
01672.mp4,-1,-1,43.0
00399.mp4,-1,-1,68.7
01942.mp4,-1,-1,51.333333333333336
00463.mp4,-1,-1,92.83333333333333
00203.mp4,-1,-1,86.96666666666667
01773.mp4,-1,-1,81.3
01772.mp4,-1,-1,79.76666666666667
01473.mp4,-1,-1,68.23333333333333
00330.mp4,-1,-1,83.56666666666666
01168.mp4,-1,-1,67.63333333333334
01754.mp4,-1,-1,58.13333333333333
00496.mp4,-1,-1,74.66666666666667
01306.mp4,-1,-1,65.3
01911.mp4,-1,-1,55.56666666666667
00706.mp4,-1,-1,69.3
01807.mp4,-1,-1,81.03333333333333
01132.mp4,-1,-1,76.16666666666667
00422.mp4,-1,-1,60.8
00978.mp4,-1,-1,85.93333333333334
01520.mp4,-1,-1,82.8
00101.mp4,-1,-1,63.333333333333336
00081.mp4,-1,-1,72.0
00709.mp4,-1,-1,90.13333333333334
00538.mp4,-1,-1,27.166666666666668
00733.mp4,-1,-1,78.96666666666667
00652.mp4,-1,-1,90.8
01443.mp4,-1,-1,43.166666666666664
00532.mp4,-1,-1,41.5
01564.mp4,-1,-1,63.0
00315.mp4,-1,-1,54.03333333333333
00958.mp4,-1,-1,89.46666666666667
01899.mp4,-1,-1,46.13333333333333
00449.mp4,-1,-1,31.933333333333334
01746.mp4,-1,-1,90.8
00763.mp4,-1,-1,70.96666666666667
01456.mp4,-1,-1,77.46666666666667
00739.mp4,-1,-1,61.86666666666667
00424.mp4,-1,-1,79.0
00797.mp4,-1,-1,46.7
01926.mp4,-1,-1,76.56666666666666
00908.mp4,-1,-1,89.73333333333333
00102.mp4,-1,-1,75.73333333333333
01090.mp4,-1,-1,82.2
00049.mp4,-1,-1,31.8
00736.mp4,-1,-1,35.36666666666667
01591.mp4,-1,-1,80.0
01914.mp4,-1,-1,67.2
00591.mp4,-1,-1,32.13333333333333
01368.mp4,-1,-1,44.36666666666667
00502.mp4,-1,-1,73.73333333333333
00547.mp4,-1,-1,66.26666666666667
00253.mp4,-1,-1,43.6
00289.mp4,-1,-1,77.36666666666666
01846.mp4,-1,-1,40.56666666666667
01607.mp4,-1,-1,82.76666666666667
00710.mp4,-1,-1,90.66666666666667
01131.mp4,-1,-1,84.46666666666667
00600.mp4,-1,-1,59.86666666666667
00480.mp4,-1,-1,76.33333333333333
01262.mp4,-1,-1,83.3
01339.mp4,-1,-1,85.53333333333333
01190.mp4,-1,-1,54.7
00757.mp4,-1,-1,60.2
00494.mp4,-1,-1,76.3
01271.mp4,-1,-1,83.83333333333333
01062.mp4,-1,-1,61.4
01547.mp4,-1,-1,70.06666666666666
00912.mp4,-1,-1,66.4
00953.mp4,-1,-1,49.36666666666667
01187.mp4,-1,-1,40.8
01870.mp4,-1,-1,62.233333333333334
00977.mp4,-1,-1,62.86666666666667
01774.mp4,-1,-1,86.73333333333333
01084.mp4,-1,-1,64.13333333333334
01620.mp4,-1,-1,93.3
00649.mp4,-1,-1,76.76666666666667
00594.mp4,-1,-1,48.333333333333336
00640.mp4,-1,-1,69.23333333333333
01007.mp4,-1,-1,45.6
00782.mp4,-1,-1,58.96666666666667
01409.mp4,-1,-1,69.3
00673.mp4,-1,-1,83.06666666666666
01810.mp4,-1,-1,43.03333333333333
01654.mp4,-1,-1,83.63333333333334
01825.mp4,-1,-1,60.266666666666666
01320.mp4,-1,-1,42.4
01939.mp4,-1,-1,64.66666666666667
00692.mp4,-1,-1,81.93333333333334
00661.mp4,-1,-1,80.7
01029.mp4,-1,-1,53.56666666666667
01598.mp4,-1,-1,72.43333333333334
00707.mp4,-1,-1,73.96666666666667
00416.mp4,-1,-1,47.56666666666667
01061.mp4,-1,-1,81.83333333333333
01543.mp4,-1,-1,73.8
00478.mp4,-1,-1,72.6
00616.mp4,-1,-1,61.36666666666667
00780.mp4,-1,-1,82.86666666666666
01536.mp4,-1,-1,88.66666666666667
01232.mp4,-1,-1,64.13333333333334
00561.mp4,-1,-1,55.03333333333333
01784.mp4,-1,-1,60.166666666666664
01386.mp4,-1,-1,57.166666666666664
01395.mp4,-1,-1,75.86666666666666
01331.mp4,-1,-1,79.7
00252.mp4,-1,-1,76.93333333333334
00122.mp4,-1,-1,37.7
01715.mp4,-1,-1,71.43333333333334
01509.mp4,-1,-1,44.766666666666666
01732.mp4,-1,-1,61.833333333333336
01309.mp4,-1,-1,37.7
00950.mp4,-1,-1,74.36666666666666
00498.mp4,-1,-1,67.2
00718.mp4,-1,-1,73.93333333333334
01135.mp4,-1,-1,43.7
00485.mp4,-1,-1,46.766666666666666
01544.mp4,-1,-1,74.2
00026.mp4,-1,-1,49.1
01384.mp4,-1,-1,89.83333333333333
00774.mp4,-1,-1,50.3
01936.mp4,-1,-1,74.73333333333333
01720.mp4,-1,-1,69.7
00961.mp4,-1,-1,43.166666666666664
00981.mp4,-1,-1,74.33333333333333
01514.mp4,-1,-1,52.03333333333333
00777.mp4,-1,-1,84.8
01013.mp4,-1,-1,25.166666666666668
01483.mp4,-1,-1,47.666666666666664
00204.mp4,-1,-1,40.53333333333333
01210.mp4,-1,-1,65.76666666666667
01646.mp4,-1,-1,56.03333333333333
01504.mp4,-1,-1,82.53333333333333
01430.mp4,-1,-1,48.333333333333336
01150.mp4,-1,-1,77.6
00094.mp4,-1,-1,68.46666666666667
01183.mp4,-1,-1,78.3
00364.mp4,-1,-1,71.06666666666666
01400.mp4,-1,-1,87.56666666666666
00586.mp4,-1,-1,78.56666666666666
00901.mp4,-1,-1,67.73333333333333
01236.mp4,-1,-1,79.5
01827.mp4,-1,-1,51.766666666666666
00934.mp4,-1,-1,76.56666666666666
01913.mp4,-1,-1,25.833333333333332
01426.mp4,-1,-1,40.766666666666666
01008.mp4,-1,-1,51.233333333333334
01401.mp4,-1,-1,50.36666666666667
01472.mp4,-1,-1,87.63333333333334
00815.mp4,-1,-1,77.13333333333334
00147.mp4,-1,-1,59.666666666666664
01397.mp4,-1,-1,53.36666666666667
01250.mp4,-1,-1,79.2
00612.mp4,-1,-1,82.6
01689.mp4,-1,-1,58.8
00839.mp4,-1,-1,63.166666666666664
00135.mp4,-1,-1,69.33333333333333
00681.mp4,-1,-1,68.2
00850.mp4,-1,-1,78.6
00667.mp4,-1,-1,73.9
00475.mp4,-1,-1,70.73333333333333
00793.mp4,-1,-1,80.36666666666666
00413.mp4,-1,-1,53.86666666666667
01823.mp4,-1,-1,68.86666666666666
01243.mp4,-1,-1,76.36666666666666
01699.mp4,-1,-1,72.2
00663.mp4,-1,-1,37.6
00694.mp4,-1,-1,85.53333333333333
01166.mp4,-1,-1,39.4
01664.mp4,-1,-1,84.16666666666667
01696.mp4,-1,-1,57.766666666666666
01078.mp4,-1,-1,66.86666666666666
00129.mp4,-1,-1,62.96666666666667
01259.mp4,-1,-1,77.1
00919.mp4,-1,-1,87.3
00055.mp4,-1,-1,63.7
00621.mp4,-1,-1,82.26666666666667
00457.mp4,-1,-1,76.63333333333334
01156.mp4,-1,-1,90.06666666666666
01860.mp4,-1,-1,40.266666666666666
00729.mp4,-1,-1,57.53333333333333
00725.mp4,-1,-1,82.83333333333333
00206.mp4,-1,-1,49.266666666666666
00024.mp4,-1,-1,74.36666666666666
00091.mp4,-1,-1,66.73333333333333
01892.mp4,-1,-1,85.3
00103.mp4,-1,-1,68.4
00128.mp4,-1,-1,82.86666666666666
01385.mp4,-1,-1,81.33333333333333
01771.mp4,-1,-1,21.6
01072.mp4,-1,-1,48.166666666666664
00905.mp4,-1,-1,77.03333333333333
00811.mp4,-1,-1,79.53333333333333
00136.mp4,-1,-1,55.166666666666664
00745.mp4,-1,-1,71.26666666666667
00578.mp4,-1,-1,87.46666666666667
00198.mp4,-1,-1,76.8
01124.mp4,-1,-1,77.53333333333333
00944.mp4,-1,-1,73.2
00264.mp4,-1,-1,75.63333333333334
00804.mp4,-1,-1,30.333333333333332
01240.mp4,-1,-1,13.833333333333334
01468.mp4,-1,-1,84.43333333333334
00566.mp4,-1,-1,45.86666666666667
00512.mp4,-1,-1,29.033333333333335
01866.mp4,-1,-1,72.5
00302.mp4,-1,-1,40.1
01117.mp4,-1,-1,53.0
01247.mp4,-1,-1,71.76666666666667
01817.mp4,-1,-1,47.166666666666664
01230.mp4,-1,-1,83.63333333333334
01662.mp4,-1,-1,51.43333333333333
01335.mp4,-1,-1,67.3
01809.mp4,-1,-1,42.3
01917.mp4,-1,-1,77.53333333333333
01231.mp4,-1,-1,69.13333333333334
00215.mp4,-1,-1,78.63333333333334
00229.mp4,-1,-1,58.666666666666664
01203.mp4,-1,-1,76.36666666666666
00039.mp4,-1,-1,65.6
00456.mp4,-1,-1,89.9
01361.mp4,-1,-1,91.6
00968.mp4,-1,-1,48.46666666666667
01551.mp4,-1,-1,67.66666666666667
01380.mp4,-1,-1,49.56666666666667
01712.mp4,-1,-1,83.0
01638.mp4,-1,-1,82.06666666666666
00329.mp4,-1,-1,90.06666666666666
01805.mp4,-1,-1,88.66666666666667
01833.mp4,-1,-1,78.7
01511.mp4,-1,-1,68.33333333333333
00565.mp4,-1,-1,78.03333333333333
01670.mp4,-1,-1,69.93333333333334
00530.mp4,-1,-1,84.93333333333334
01281.mp4,-1,-1,47.93333333333333
00544.mp4,-1,-1,53.53333333333333
01275.mp4,-1,-1,79.8
00939.mp4,-1,-1,68.63333333333334
01464.mp4,-1,-1,71.0
00071.mp4,-1,-1,44.6
00138.mp4,-1,-1,95.0
00683.mp4,-1,-1,60.63333333333333
00179.mp4,-1,-1,81.03333333333333
01660.mp4,-1,-1,75.53333333333333
00452.mp4,-1,-1,81.73333333333333
01369.mp4,-1,-1,76.56666666666666
00057.mp4,-1,-1,68.86666666666666
01460.mp4,-1,-1,38.1
00675.mp4,-1,-1,89.76666666666667
01444.mp4,-1,-1,84.1
00693.mp4,-1,-1,50.166666666666664
01390.mp4,-1,-1,53.8
01776.mp4,-1,-1,79.73333333333333
01530.mp4,-1,-1,93.4
01902.mp4,-1,-1,54.666666666666664
00984.mp4,-1,-1,56.233333333333334
00545.mp4,-1,-1,87.63333333333334
00656.mp4,-1,-1,49.1
01559.mp4,-1,-1,67.13333333333334
01652.mp4,-1,-1,88.1
00307.mp4,-1,-1,50.1
01273.mp4,-1,-1,75.83333333333333
01116.mp4,-1,-1,86.6
01566.mp4,-1,-1,68.4
01903.mp4,-1,-1,81.7
01010.mp4,-1,-1,51.5
00411.mp4,-1,-1,66.26666666666667
00260.mp4,-1,-1,73.1
01136.mp4,-1,-1,44.1
00609.mp4,-1,-1,52.8
00963.mp4,-1,-1,61.833333333333336
01876.mp4,-1,-1,41.2
01873.mp4,-1,-1,51.233333333333334
00043.mp4,-1,-1,31.0
01318.mp4,-1,-1,77.13333333333334
00825.mp4,-1,-1,93.8
00705.mp4,-1,-1,76.73333333333333
01235.mp4,-1,-1,34.63333333333333
00802.mp4,-1,-1,58.5
00641.mp4,-1,-1,52.8
01572.mp4,-1,-1,70.73333333333333
00344.mp4,-1,-1,53.6
00169.mp4,-1,-1,71.7
01757.mp4,-1,-1,78.36666666666666
00535.mp4,-1,-1,75.13333333333334
00275.mp4,-1,-1,64.76666666666667
00786.mp4,-1,-1,47.4
01347.mp4,-1,-1,84.13333333333334
01293.mp4,-1,-1,69.76666666666667
01842.mp4,-1,-1,92.43333333333334
00715.mp4,-1,-1,78.33333333333333
00711.mp4,-1,-1,64.2
00465.mp4,-1,-1,39.13333333333333
00892.mp4,-1,-1,83.46666666666667
00568.mp4,-1,-1,37.93333333333333
01080.mp4,-1,-1,76.16666666666667
00210.mp4,-1,-1,47.1
00427.mp4,-1,-1,71.33333333333333
00297.mp4,-1,-1,86.33333333333333
01585.mp4,-1,-1,88.76666666666667
01685.mp4,-1,-1,75.76666666666667
01214.mp4,-1,-1,80.83333333333333
01087.mp4,-1,-1,75.1
00555.mp4,-1,-1,80.96666666666667
01118.mp4,-1,-1,59.46666666666667
01618.mp4,-1,-1,70.46666666666667
01366.mp4,-1,-1,44.166666666666664
01645.mp4,-1,-1,69.26666666666667
01212.mp4,-1,-1,68.56666666666666
01630.mp4,-1,-1,61.4
01528.mp4,-1,-1,28.666666666666668
01149.mp4,-1,-1,78.53333333333333
01095.mp4,-1,-1,73.3
00231.mp4,-1,-1,60.03333333333333
00131.mp4,-1,-1,58.55
01227.mp4,-1,-1,71.06666666666666
01091.mp4,-1,-1,87.5
01945.mp4,-1,-1,69.9
00595.mp4,-1,-1,82.36666666666666
01649.mp4,-1,-1,73.06666666666666
01728.mp4,-1,-1,61.666666666666664
00115.mp4,-1,-1,36.43333333333333
00971.mp4,-1,-1,63.9
00441.mp4,-1,-1,71.63333333333334
01021.mp4,-1,-1,78.03333333333333
00257.mp4,-1,-1,80.1
01130.mp4,-1,-1,75.83333333333333
01337.mp4,-1,-1,61.3
00407.mp4,-1,-1,82.16666666666667
00713.mp4,-1,-1,50.333333333333336
01022.mp4,-1,-1,71.9
01824.mp4,-1,-1,76.2
00608.mp4,-1,-1,73.0
01512.mp4,-1,-1,62.666666666666664
01160.mp4,-1,-1,60.833333333333336
00539.mp4,-1,-1,49.36666666666667
00341.mp4,-1,-1,91.26666666666667
01176.mp4,-1,-1,80.33333333333333
01290.mp4,-1,-1,88.26666666666667
00303.mp4,-1,-1,66.63333333333334
00273.mp4,-1,-1,46.4
01171.mp4,-1,-1,66.56666666666666
01605.mp4,-1,-1,75.36666666666666
01811.mp4,-1,-1,41.6
00859.mp4,-1,-1,78.33333333333333
00245.mp4,-1,-1,62.8
01830.mp4,-1,-1,82.1
00391.mp4,-1,-1,45.6
01493.mp4,-1,-1,90.73333333333333
01657.mp4,-1,-1,62.733333333333334
00564.mp4,-1,-1,52.266666666666666
00334.mp4,-1,-1,92.1
01723.mp4,-1,-1,77.1
00190.mp4,-1,-1,77.86666666666666
01612.mp4,-1,-1,86.7
00041.mp4,-1,-1,44.1
01234.mp4,-1,-1,36.96666666666667
01893.mp4,-1,-1,79.76666666666667
01753.mp4,-1,-1,71.26666666666667
00985.mp4,-1,-1,38.06666666666667
01526.mp4,-1,-1,81.7
00066.mp4,-1,-1,70.8
01387.mp4,-1,-1,78.36666666666666
00746.mp4,-1,-1,63.03333333333333
00076.mp4,-1,-1,237.16666666666666
00305.mp4,-1,-1,47.0
00520.mp4,-1,-1,55.86666666666667
01633.mp4,-1,-1,38.96666666666667
00466.mp4,-1,-1,81.7
00972.mp4,-1,-1,89.83333333333333
01436.mp4,-1,-1,71.7
00272.mp4,-1,-1,73.46666666666667
01297.mp4,-1,-1,53.166666666666664
00731.mp4,-1,-1,83.43333333333334
01447.mp4,-1,-1,42.3
00840.mp4,-1,-1,91.3
00636.mp4,-1,-1,79.03333333333333
00635.mp4,-1,-1,95.46666666666667
00784.mp4,-1,-1,79.66666666666667
01101.mp4,-1,-1,78.36666666666666
00195.mp4,-1,-1,85.23333333333333
00646.mp4,-1,-1,57.5
01682.mp4,-1,-1,47.9
01826.mp4,-1,-1,45.13333333333333
01502.mp4,-1,-1,53.63333333333333
00405.mp4,-1,-1,87.26666666666667
00644.mp4,-1,-1,77.0
00942.mp4,-1,-1,56.8
00013.mp4,-1,-1,58.8
00019.mp4,-1,-1,87.66666666666667
00730.mp4,-1,-1,52.7
00826.mp4,-1,-1,86.1
00308.mp4,-1,-1,83.13333333333334
01004.mp4,-1,-1,44.3
00590.mp4,-1,-1,57.93333333333333
00192.mp4,-1,-1,82.2
00078.mp4,-1,-1,65.16666666666667
01282.mp4,-1,-1,73.9
00536.mp4,-1,-1,52.93333333333333
01488.mp4,-1,-1,54.2
00280.mp4,-1,-1,40.46666666666667
01121.mp4,-1,-1,69.06666666666666
01785.mp4,-1,-1,90.8
00770.mp4,-1,-1,90.66666666666667
01944.mp4,-1,-1,59.266666666666666
01063.mp4,-1,-1,44.13333333333333
01686.mp4,-1,-1,79.46666666666667
01441.mp4,-1,-1,75.73333333333333
01470.mp4,-1,-1,58.6
00287.mp4,-1,-1,76.66666666666667
01930.mp4,-1,-1,81.16666666666667
01554.mp4,-1,-1,62.1
00622.mp4,-1,-1,25.933333333333334
00910.mp4,-1,-1,58.63333333333333
00945.mp4,-1,-1,47.53333333333333
00847.mp4,-1,-1,88.06666666666666
01775.mp4,-1,-1,71.43333333333334
01175.mp4,-1,-1,50.333333333333336
01828.mp4,-1,-1,60.333333333333336
01613.mp4,-1,-1,85.36666666666666
00218.mp4,-1,-1,73.9
01858.mp4,-1,-1,79.43333333333334
01406.mp4,-1,-1,81.0
01453.mp4,-1,-1,81.9
01676.mp4,-1,-1,85.73333333333333
00603.mp4,-1,-1,68.56666666666666
00168.mp4,-1,-1,89.4
01411.mp4,-1,-1,68.93333333333334
01788.mp4,-1,-1,42.46666666666667
00824.mp4,-1,-1,43.266666666666666
01412.mp4,-1,-1,41.93333333333333
01943.mp4,-1,-1,86.06666666666666
00810.mp4,-1,-1,84.26666666666667
00779.mp4,-1,-1,70.9
00383.mp4,-1,-1,78.96666666666667
00664.mp4,-1,-1,51.233333333333334
01931.mp4,-1,-1,75.06666666666666
00851.mp4,-1,-1,86.6
01317.mp4,-1,-1,39.233333333333334
00844.mp4,-1,-1,79.8
01749.mp4,-1,-1,68.56666666666666
00077.mp4,-1,-1,76.36666666666666
00124.mp4,-1,-1,60.0
00110.mp4,-1,-1,78.03333333333333
01086.mp4,-1,-1,51.96666666666667
00326.mp4,-1,-1,81.76666666666667
00724.mp4,-1,-1,91.13333333333334
00735.mp4,-1,-1,88.66666666666667
00584.mp4,-1,-1,50.3
01046.mp4,-1,-1,93.2
01895.mp4,-1,-1,92.3
00759.mp4,-1,-1,40.06666666666667
00501.mp4,-1,-1,48.733333333333334
00876.mp4,-1,-1,85.0
01948.mp4,-1,-1,65.8
00327.mp4,-1,-1,84.43333333333334
00005.mp4,-1,-1,71.93333333333334
01129.mp4,-1,-1,60.266666666666666
00313.mp4,-1,-1,74.23333333333333
00140.mp4,-1,-1,75.63333333333334
00178.mp4,-1,-1,65.56666666666666
01694.mp4,-1,-1,89.86666666666666
01745.mp4,-1,-1,89.56666666666666
00929.mp4,-1,-1,56.0
00655.mp4,-1,-1,42.96666666666667
01626.mp4,-1,-1,56.9
01741.mp4,-1,-1,52.333333333333336
00020.mp4,-1,-1,16.0
00993.mp4,-1,-1,70.63333333333334
01186.mp4,-1,-1,89.3
01714.mp4,-1,-1,62.56666666666667
00029.mp4,-1,-1,35.86666666666667
00349.mp4,-1,-1,70.23333333333333
00503.mp4,-1,-1,62.56666666666667
00886.mp4,-1,-1,50.56666666666667
00038.mp4,-1,-1,93.1
01627.mp4,-1,-1,60.333333333333336
00515.mp4,-1,-1,64.1
00700.mp4,-1,-1,82.03333333333333
00575.mp4,-1,-1,80.03333333333333
00548.mp4,-1,-1,69.83333333333333
00230.mp4,-1,-1,62.43333333333333
01487.mp4,-1,-1,80.36666666666666
01471.mp4,-1,-1,72.2
01025.mp4,-1,-1,38.03333333333333
01659.mp4,-1,-1,67.53333333333333
00920.mp4,-1,-1,83.53333333333333
00751.mp4,-1,-1,93.93333333333334
00398.mp4,-1,-1,81.4
00979.mp4,-1,-1,74.5
00527.mp4,-1,-1,66.23333333333333
00690.mp4,-1,-1,86.7
01104.mp4,-1,-1,42.7
01404.mp4,-1,-1,36.7
00440.mp4,-1,-1,78.4
01932.mp4,-1,-1,38.56666666666667
01392.mp4,-1,-1,75.53333333333333
00130.mp4,-1,-1,71.6
01103.mp4,-1,-1,46.13333333333333
01857.mp4,-1,-1,47.03333333333333
00790.mp4,-1,-1,64.4
00366.mp4,-1,-1,76.7
00381.mp4,-1,-1,81.13333333333334
01256.mp4,-1,-1,54.4
00028.mp4,-1,-1,67.26666666666667
01481.mp4,-1,-1,74.6
01615.mp4,-1,-1,84.2
00483.mp4,-1,-1,85.76666666666667
01485.mp4,-1,-1,40.4
01886.mp4,-1,-1,77.1
00468.mp4,-1,-1,69.86666666666666
00605.mp4,-1,-1,82.6
00587.mp4,-1,-1,67.23333333333333
01777.mp4,-1,-1,75.96666666666667
00943.mp4,-1,-1,79.26666666666667
01391.mp4,-1,-1,93.36666666666666
01923.mp4,-1,-1,69.6
01144.mp4,-1,-1,47.7
00127.mp4,-1,-1,89.46666666666667
01918.mp4,-1,-1,81.33333333333333
00516.mp4,-1,-1,87.53333333333333
00316.mp4,-1,-1,53.9
00069.mp4,-1,-1,49.0
00582.mp4,-1,-1,66.03333333333333
00559.mp4,-1,-1,86.13333333333334
00006.mp4,-1,-1,43.766666666666666
01172.mp4,-1,-1,77.9
01023.mp4,-1,-1,43.266666666666666
01600.mp4,-1,-1,70.93333333333334
01494.mp4,-1,-1,86.9
01134.mp4,-1,-1,72.03333333333333
00221.mp4,-1,-1,64.5
01801.mp4,-1,-1,35.2
01364.mp4,-1,-1,45.5
01803.mp4,-1,-1,92.83333333333333
00721.mp4,-1,-1,50.3
01035.mp4,-1,-1,75.16666666666667
00658.mp4,-1,-1,29.9
01789.mp4,-1,-1,81.66666666666667
00247.mp4,-1,-1,66.63333333333334
01756.mp4,-1,-1,77.23333333333333
00573.mp4,-1,-1,85.0
01100.mp4,-1,-1,83.6
00097.mp4,-1,-1,80.56666666666666
00123.mp4,-1,-1,46.56666666666667
01037.mp4,-1,-1,62.1
